128
0.998651930869 -0.0034337403269 -0.0517931501244 -0.00414883101512 -0.99989746829 -0.0137054773218 -0.0517407786339 0.0139018824185 -0.998563783387 -3.97829574083 0.255775894008 0.27358570605 756.0 1008.0 815.13158322
0.998651930869 -0.0034337403269 -0.0517931501244 -0.00414883101512 -0.99989746829 -0.0137054773218 -0.0517407786339 0.0139018824185 -0.998563783387 -3.91184661593 0.255547416966 0.270139450757 756.0 1008.0 815.13158322
0.998651930869 -0.0034337403269 -0.0517931501244 -0.00414883101512 -0.99989746829 -0.0137054773218 -0.0517407786339 0.0139018824185 -0.998563783387 -3.84539749102 0.255318939923 0.266693195465 756.0 1008.0 815.13158322
0.998651930869 -0.0034337403269 -0.0517931501244 -0.00414883101512 -0.99989746829 -0.0137054773218 -0.0517407786339 0.0139018824185 -0.998563783387 -3.77894836612 0.25509046288 0.263246940173 756.0 1008.0 815.13158322
0.998651930869 -0.0034337403269 -0.0517931501244 -0.00414883101512 -0.99989746829 -0.0137054773218 -0.0517407786339 0.0139018824185 -0.998563783387 -3.71249924121 0.254861985837 0.259800684881 756.0 1008.0 815.13158322
0.998651930869 -0.0034337403269 -0.0517931501244 -0.00414883101512 -0.99989746829 -0.0137054773218 -0.0517407786339 0.0139018824185 -0.998563783387 -3.64605011631 0.254633508795 0.256354429588 756.0 1008.0 815.13158322
0.998651930869 -0.0034337403269 -0.0517931501244 -0.00414883101512 -0.99989746829 -0.0137054773218 -0.0517407786339 0.0139018824185 -0.998563783387 -3.5796009914 0.254405031752 0.252908174296 756.0 1008.0 815.13158322
0.998651930869 -0.0034337403269 -0.0517931501244 -0.00414883101512 -0.99989746829 -0.0137054773218 -0.0517407786339 0.0139018824185 -0.998563783387 -3.51315186649 0.254176554709 0.249461919004 756.0 1008.0 815.13158322
0.998651930869 -0.0034337403269 -0.0517931501244 -0.00414883101512 -0.99989746829 -0.0137054773218 -0.0517407786339 0.0139018824185 -0.998563783387 -3.44670274159 0.253948077666 0.246015663712 756.0 1008.0 815.13158322
0.998651930869 -0.0034337403269 -0.0517931501244 -0.00414883101512 -0.99989746829 -0.0137054773218 -0.0517407786339 0.0139018824185 -0.998563783387 -3.38025361668 0.253719600624 0.242569408419 756.0 1008.0 815.13158322
0.998651930869 -0.0034337403269 -0.0517931501244 -0.00414883101512 -0.99989746829 -0.0137054773218 -0.0517407786339 0.0139018824185 -0.998563783387 -3.31380449178 0.253491123581 0.239123153127 756.0 1008.0 815.13158322
0.998651930869 -0.0034337403269 -0.0517931501244 -0.00414883101512 -0.99989746829 -0.0137054773218 -0.0517407786339 0.0139018824185 -0.998563783387 -3.24735536687 0.253262646538 0.235676897835 756.0 1008.0 815.13158322
0.998651930869 -0.0034337403269 -0.0517931501244 -0.00414883101512 -0.99989746829 -0.0137054773218 -0.0517407786339 0.0139018824185 -0.998563783387 -3.18090624197 0.253034169496 0.232230642543 756.0 1008.0 815.13158322
0.998651930869 -0.0034337403269 -0.0517931501244 -0.00414883101512 -0.99989746829 -0.0137054773218 -0.0517407786339 0.0139018824185 -0.998563783387 -3.11445711706 0.252805692453 0.22878438725 756.0 1008.0 815.13158322
0.998651930869 -0.0034337403269 -0.0517931501244 -0.00414883101512 -0.99989746829 -0.0137054773218 -0.0517407786339 0.0139018824185 -0.998563783387 -3.04800799215 0.25257721541 0.225338131958 756.0 1008.0 815.13158322
0.998651930869 -0.0034337403269 -0.0517931501244 -0.00414883101512 -0.99989746829 -0.0137054773218 -0.0517407786339 0.0139018824185 -0.998563783387 -2.98155886725 0.252348738367 0.221891876666 756.0 1008.0 815.13158322
0.998651930869 -0.0034337403269 -0.0517931501244 -0.00414883101512 -0.99989746829 -0.0137054773218 -0.0517407786339 0.0139018824185 -0.998563783387 -2.91510974234 0.252120261325 0.218445621374 756.0 1008.0 815.13158322
0.998651930869 -0.0034337403269 -0.0517931501244 -0.00414883101512 -0.99989746829 -0.0137054773218 -0.0517407786339 0.0139018824185 -0.998563783387 -2.84866061744 0.251891784282 0.214999366081 756.0 1008.0 815.13158322
0.998651930869 -0.0034337403269 -0.0517931501244 -0.00414883101512 -0.99989746829 -0.0137054773218 -0.0517407786339 0.0139018824185 -0.998563783387 -2.78221149253 0.251663307239 0.211553110789 756.0 1008.0 815.13158322
0.998651930869 -0.0034337403269 -0.0517931501244 -0.00414883101512 -0.99989746829 -0.0137054773218 -0.0517407786339 0.0139018824185 -0.998563783387 -2.71576236763 0.251434830197 0.208106855497 756.0 1008.0 815.13158322
0.998651930869 -0.0034337403269 -0.0517931501244 -0.00414883101512 -0.99989746829 -0.0137054773218 -0.0517407786339 0.0139018824185 -0.998563783387 -2.64931324272 0.251206353154 0.204660600205 756.0 1008.0 815.13158322
0.998651930869 -0.0034337403269 -0.0517931501244 -0.00414883101512 -0.99989746829 -0.0137054773218 -0.0517407786339 0.0139018824185 -0.998563783387 -2.58286411781 0.250977876111 0.201214344912 756.0 1008.0 815.13158322
0.998651930869 -0.0034337403269 -0.0517931501244 -0.00414883101512 -0.99989746829 -0.0137054773218 -0.0517407786339 0.0139018824185 -0.998563783387 -2.51641499291 0.250749399068 0.19776808962 756.0 1008.0 815.13158322
0.998651930869 -0.0034337403269 -0.0517931501244 -0.00414883101512 -0.99989746829 -0.0137054773218 -0.0517407786339 0.0139018824185 -0.998563783387 -2.449965868 0.250520922026 0.194321834328 756.0 1008.0 815.13158322
0.998651930869 -0.0034337403269 -0.0517931501244 -0.00414883101512 -0.99989746829 -0.0137054773218 -0.0517407786339 0.0139018824185 -0.998563783387 -2.3835167431 0.250292444983 0.190875579036 756.0 1008.0 815.13158322
0.998651930869 -0.0034337403269 -0.0517931501244 -0.00414883101512 -0.99989746829 -0.0137054773218 -0.0517407786339 0.0139018824185 -0.998563783387 -2.31706761819 0.25006396794 0.187429323743 756.0 1008.0 815.13158322
0.998651930869 -0.0034337403269 -0.0517931501244 -0.00414883101512 -0.99989746829 -0.0137054773218 -0.0517407786339 0.0139018824185 -0.998563783387 -2.25061849329 0.249835490897 0.183983068451 756.0 1008.0 815.13158322
0.998651930869 -0.0034337403269 -0.0517931501244 -0.00414883101512 -0.99989746829 -0.0137054773218 -0.0517407786339 0.0139018824185 -0.998563783387 -2.18416936838 0.249607013855 0.180536813159 756.0 1008.0 815.13158322
0.998651930869 -0.0034337403269 -0.0517931501244 -0.00414883101512 -0.99989746829 -0.0137054773218 -0.0517407786339 0.0139018824185 -0.998563783387 -2.11772024348 0.249378536812 0.177090557867 756.0 1008.0 815.13158322
0.998651930869 -0.0034337403269 -0.0517931501244 -0.00414883101512 -0.99989746829 -0.0137054773218 -0.0517407786339 0.0139018824185 -0.998563783387 -2.05127111857 0.249150059769 0.173644302574 756.0 1008.0 815.13158322
0.998651930869 -0.0034337403269 -0.0517931501244 -0.00414883101512 -0.99989746829 -0.0137054773218 -0.0517407786339 0.0139018824185 -0.998563783387 -1.98482199366 0.248921582727 0.170198047282 756.0 1008.0 815.13158322
0.998651930869 -0.0034337403269 -0.0517931501244 -0.00414883101512 -0.99989746829 -0.0137054773218 -0.0517407786339 0.0139018824185 -0.998563783387 -1.91837286876 0.248693105684 0.16675179199 756.0 1008.0 815.13158322
0.998651930869 -0.0034337403269 -0.0517931501244 -0.00414883101512 -0.99989746829 -0.0137054773218 -0.0517407786339 0.0139018824185 -0.998563783387 -1.85192374385 0.248464628641 0.163305536698 756.0 1008.0 815.13158322
0.998651930869 -0.0034337403269 -0.0517931501244 -0.00414883101512 -0.99989746829 -0.0137054773218 -0.0517407786339 0.0139018824185 -0.998563783387 -1.78547461895 0.248236151598 0.159859281405 756.0 1008.0 815.13158322
0.998651930869 -0.0034337403269 -0.0517931501244 -0.00414883101512 -0.99989746829 -0.0137054773218 -0.0517407786339 0.0139018824185 -0.998563783387 -1.71902549404 0.248007674556 0.156413026113 756.0 1008.0 815.13158322
0.998651930869 -0.0034337403269 -0.0517931501244 -0.00414883101512 -0.99989746829 -0.0137054773218 -0.0517407786339 0.0139018824185 -0.998563783387 -1.65257636914 0.247779197513 0.152966770821 756.0 1008.0 815.13158322
0.998651930869 -0.0034337403269 -0.0517931501244 -0.00414883101512 -0.99989746829 -0.0137054773218 -0.0517407786339 0.0139018824185 -0.998563783387 -1.58612724423 0.24755072047 0.149520515529 756.0 1008.0 815.13158322
0.998651930869 -0.0034337403269 -0.0517931501244 -0.00414883101512 -0.99989746829 -0.0137054773218 -0.0517407786339 0.0139018824185 -0.998563783387 -1.51967811932 0.247322243427 0.146074260236 756.0 1008.0 815.13158322
0.998651930869 -0.0034337403269 -0.0517931501244 -0.00414883101512 -0.99989746829 -0.0137054773218 -0.0517407786339 0.0139018824185 -0.998563783387 -1.45322899442 0.247093766385 0.142628004944 756.0 1008.0 815.13158322
0.998651930869 -0.0034337403269 -0.0517931501244 -0.00414883101512 -0.99989746829 -0.0137054773218 -0.0517407786339 0.0139018824185 -0.998563783387 -1.38677986951 0.246865289342 0.139181749652 756.0 1008.0 815.13158322
0.998651930869 -0.0034337403269 -0.0517931501244 -0.00414883101512 -0.99989746829 -0.0137054773218 -0.0517407786339 0.0139018824185 -0.998563783387 -1.32033074461 0.246636812299 0.13573549436 756.0 1008.0 815.13158322
0.998651930869 -0.0034337403269 -0.0517931501244 -0.00414883101512 -0.99989746829 -0.0137054773218 -0.0517407786339 0.0139018824185 -0.998563783387 -1.2538816197 0.246408335257 0.132289239067 756.0 1008.0 815.13158322
0.998651930869 -0.0034337403269 -0.0517931501244 -0.00414883101512 -0.99989746829 -0.0137054773218 -0.0517407786339 0.0139018824185 -0.998563783387 -1.1874324948 0.246179858214 0.128842983775 756.0 1008.0 815.13158322
0.998651930869 -0.0034337403269 -0.0517931501244 -0.00414883101512 -0.99989746829 -0.0137054773218 -0.0517407786339 0.0139018824185 -0.998563783387 -1.12098336989 0.245951381171 0.125396728483 756.0 1008.0 815.13158322
0.998651930869 -0.0034337403269 -0.0517931501244 -0.00414883101512 -0.99989746829 -0.0137054773218 -0.0517407786339 0.0139018824185 -0.998563783387 -1.05453424498 0.245722904128 0.121950473191 756.0 1008.0 815.13158322
0.998651930869 -0.0034337403269 -0.0517931501244 -0.00414883101512 -0.99989746829 -0.0137054773218 -0.0517407786339 0.0139018824185 -0.998563783387 -0.988085120079 0.245494427086 0.118504217898 756.0 1008.0 815.13158322
0.998651930869 -0.0034337403269 -0.0517931501244 -0.00414883101512 -0.99989746829 -0.0137054773218 -0.0517407786339 0.0139018824185 -0.998563783387 -0.921635995174 0.245265950043 0.115057962606 756.0 1008.0 815.13158322
0.998651930869 -0.0034337403269 -0.0517931501244 -0.00414883101512 -0.99989746829 -0.0137054773218 -0.0517407786339 0.0139018824185 -0.998563783387 -0.855186870268 0.245037473 0.111611707314 756.0 1008.0 815.13158322
0.998651930869 -0.0034337403269 -0.0517931501244 -0.00414883101512 -0.99989746829 -0.0137054773218 -0.0517407786339 0.0139018824185 -0.998563783387 -0.788737745362 0.244808995957 0.108165452022 756.0 1008.0 815.13158322
0.998651930869 -0.0034337403269 -0.0517931501244 -0.00414883101512 -0.99989746829 -0.0137054773218 -0.0517407786339 0.0139018824185 -0.998563783387 -0.722288620457 0.244580518915 0.104719196729 756.0 1008.0 815.13158322
0.998651930869 -0.0034337403269 -0.0517931501244 -0.00414883101512 -0.99989746829 -0.0137054773218 -0.0517407786339 0.0139018824185 -0.998563783387 -0.655839495551 0.244352041872 0.101272941437 756.0 1008.0 815.13158322
0.998651930869 -0.0034337403269 -0.0517931501244 -0.00414883101512 -0.99989746829 -0.0137054773218 -0.0517407786339 0.0139018824185 -0.998563783387 -0.589390370645 0.244123564829 0.0978266861448 756.0 1008.0 815.13158322
0.998651930869 -0.0034337403269 -0.0517931501244 -0.00414883101512 -0.99989746829 -0.0137054773218 -0.0517407786339 0.0139018824185 -0.998563783387 -0.52294124574 0.243895087787 0.0943804308525 756.0 1008.0 815.13158322
0.998651930869 -0.0034337403269 -0.0517931501244 -0.00414883101512 -0.99989746829 -0.0137054773218 -0.0517407786339 0.0139018824185 -0.998563783387 -0.456492120834 0.243666610744 0.0909341755603 756.0 1008.0 815.13158322
0.998651930869 -0.0034337403269 -0.0517931501244 -0.00414883101512 -0.99989746829 -0.0137054773218 -0.0517407786339 0.0139018824185 -0.998563783387 -0.390042995928 0.243438133701 0.087487920268 756.0 1008.0 815.13158322
0.998651930869 -0.0034337403269 -0.0517931501244 -0.00414883101512 -0.99989746829 -0.0137054773218 -0.0517407786339 0.0139018824185 -0.998563783387 -0.323593871023 0.243209656658 0.0840416649758 756.0 1008.0 815.13158322
0.998651930869 -0.0034337403269 -0.0517931501244 -0.00414883101512 -0.99989746829 -0.0137054773218 -0.0517407786339 0.0139018824185 -0.998563783387 -0.257144746117 0.242981179616 0.0805954096835 756.0 1008.0 815.13158322
0.998651930869 -0.0034337403269 -0.0517931501244 -0.00414883101512 -0.99989746829 -0.0137054773218 -0.0517407786339 0.0139018824185 -0.998563783387 -0.190695621211 0.242752702573 0.0771491543913 756.0 1008.0 815.13158322
0.998651930869 -0.0034337403269 -0.0517931501244 -0.00414883101512 -0.99989746829 -0.0137054773218 -0.0517407786339 0.0139018824185 -0.998563783387 -0.124246496306 0.24252422553 0.073702899099 756.0 1008.0 815.13158322
0.998651930869 -0.0034337403269 -0.0517931501244 -0.00414883101512 -0.99989746829 -0.0137054773218 -0.0517407786339 0.0139018824185 -0.998563783387 -0.0577973714002 0.242295748488 0.0702566438068 756.0 1008.0 815.13158322
0.998651930869 -0.0034337403269 -0.0517931501244 -0.00414883101512 -0.99989746829 -0.0137054773218 -0.0517407786339 0.0139018824185 -0.998563783387 0.00865175350548 0.242067271445 0.0668103885145 756.0 1008.0 815.13158322
0.998651930869 -0.0034337403269 -0.0517931501244 -0.00414883101512 -0.99989746829 -0.0137054773218 -0.0517407786339 0.0139018824185 -0.998563783387 0.0751008784111 0.241838794402 0.0633641332223 756.0 1008.0 815.13158322
0.998651930869 -0.0034337403269 -0.0517931501244 -0.00414883101512 -0.99989746829 -0.0137054773218 -0.0517407786339 0.0139018824185 -0.998563783387 0.141550003317 0.241610317359 0.05991787793 756.0 1008.0 815.13158322
0.998651930869 -0.0034337403269 -0.0517931501244 -0.00414883101512 -0.99989746829 -0.0137054773218 -0.0517407786339 0.0139018824185 -0.998563783387 0.207999128222 0.241381840317 0.0564716226378 756.0 1008.0 815.13158322
0.998651930869 -0.0034337403269 -0.0517931501244 -0.00414883101512 -0.99989746829 -0.0137054773218 -0.0517407786339 0.0139018824185 -0.998563783387 0.274448253128 0.241153363274 0.0530253673455 756.0 1008.0 815.13158322
0.998651930869 -0.0034337403269 -0.0517931501244 -0.00414883101512 -0.99989746829 -0.0137054773218 -0.0517407786339 0.0139018824185 -0.998563783387 0.340897378034 0.240924886231 0.0495791120533 756.0 1008.0 815.13158322
0.998651930869 -0.0034337403269 -0.0517931501244 -0.00414883101512 -0.99989746829 -0.0137054773218 -0.0517407786339 0.0139018824185 -0.998563783387 0.407346502939 0.240696409188 0.046132856761 756.0 1008.0 815.13158322
0.998651930869 -0.0034337403269 -0.0517931501244 -0.00414883101512 -0.99989746829 -0.0137054773218 -0.0517407786339 0.0139018824185 -0.998563783387 0.473795627845 0.240467932146 0.0426866014688 756.0 1008.0 815.13158322
0.998651930869 -0.0034337403269 -0.0517931501244 -0.00414883101512 -0.99989746829 -0.0137054773218 -0.0517407786339 0.0139018824185 -0.998563783387 0.540244752751 0.240239455103 0.0392403461765 756.0 1008.0 815.13158322
0.998651930869 -0.0034337403269 -0.0517931501244 -0.00414883101512 -0.99989746829 -0.0137054773218 -0.0517407786339 0.0139018824185 -0.998563783387 0.606693877656 0.24001097806 0.0357940908843 756.0 1008.0 815.13158322
0.998651930869 -0.0034337403269 -0.0517931501244 -0.00414883101512 -0.99989746829 -0.0137054773218 -0.0517407786339 0.0139018824185 -0.998563783387 0.673143002562 0.239782501018 0.032347835592 756.0 1008.0 815.13158322
0.998651930869 -0.0034337403269 -0.0517931501244 -0.00414883101512 -0.99989746829 -0.0137054773218 -0.0517407786339 0.0139018824185 -0.998563783387 0.739592127468 0.239554023975 0.0289015802998 756.0 1008.0 815.13158322
0.998651930869 -0.0034337403269 -0.0517931501244 -0.00414883101512 -0.99989746829 -0.0137054773218 -0.0517407786339 0.0139018824185 -0.998563783387 0.806041252373 0.239325546932 0.0254553250075 756.0 1008.0 815.13158322
0.998651930869 -0.0034337403269 -0.0517931501244 -0.00414883101512 -0.99989746829 -0.0137054773218 -0.0517407786339 0.0139018824185 -0.998563783387 0.872490377279 0.239097069889 0.0220090697153 756.0 1008.0 815.13158322
0.998651930869 -0.0034337403269 -0.0517931501244 -0.00414883101512 -0.99989746829 -0.0137054773218 -0.0517407786339 0.0139018824185 -0.998563783387 0.938939502185 0.238868592847 0.018562814423 756.0 1008.0 815.13158322
0.998651930869 -0.0034337403269 -0.0517931501244 -0.00414883101512 -0.99989746829 -0.0137054773218 -0.0517407786339 0.0139018824185 -0.998563783387 1.00538862709 0.238640115804 0.0151165591308 756.0 1008.0 815.13158322
0.998651930869 -0.0034337403269 -0.0517931501244 -0.00414883101512 -0.99989746829 -0.0137054773218 -0.0517407786339 0.0139018824185 -0.998563783387 1.071837752 0.238411638761 0.0116703038385 756.0 1008.0 815.13158322
0.998651930869 -0.0034337403269 -0.0517931501244 -0.00414883101512 -0.99989746829 -0.0137054773218 -0.0517407786339 0.0139018824185 -0.998563783387 1.1382868769 0.238183161718 0.00822404854627 756.0 1008.0 815.13158322
0.998651930869 -0.0034337403269 -0.0517931501244 -0.00414883101512 -0.99989746829 -0.0137054773218 -0.0517407786339 0.0139018824185 -0.998563783387 1.20473600181 0.237954684676 0.00477779325402 756.0 1008.0 815.13158322
0.998651930869 -0.0034337403269 -0.0517931501244 -0.00414883101512 -0.99989746829 -0.0137054773218 -0.0517407786339 0.0139018824185 -0.998563783387 1.27118512671 0.237726207633 0.00133153796177 756.0 1008.0 815.13158322
0.998651930869 -0.0034337403269 -0.0517931501244 -0.00414883101512 -0.99989746829 -0.0137054773218 -0.0517407786339 0.0139018824185 -0.998563783387 1.33763425162 0.23749773059 -0.00211471733048 756.0 1008.0 815.13158322
0.998651930869 -0.0034337403269 -0.0517931501244 -0.00414883101512 -0.99989746829 -0.0137054773218 -0.0517407786339 0.0139018824185 -0.998563783387 1.40408337652 0.237269253548 -0.00556097262273 756.0 1008.0 815.13158322
0.998651930869 -0.0034337403269 -0.0517931501244 -0.00414883101512 -0.99989746829 -0.0137054773218 -0.0517407786339 0.0139018824185 -0.998563783387 1.47053250143 0.237040776505 -0.00900722791498 756.0 1008.0 815.13158322
0.998651930869 -0.0034337403269 -0.0517931501244 -0.00414883101512 -0.99989746829 -0.0137054773218 -0.0517407786339 0.0139018824185 -0.998563783387 1.53698162634 0.236812299462 -0.0124534832072 756.0 1008.0 815.13158322
0.998651930869 -0.0034337403269 -0.0517931501244 -0.00414883101512 -0.99989746829 -0.0137054773218 -0.0517407786339 0.0139018824185 -0.998563783387 1.60343075124 0.236583822419 -0.0158997384995 756.0 1008.0 815.13158322
0.998651930869 -0.0034337403269 -0.0517931501244 -0.00414883101512 -0.99989746829 -0.0137054773218 -0.0517407786339 0.0139018824185 -0.998563783387 1.66987987615 0.236355345377 -0.0193459937917 756.0 1008.0 815.13158322
0.998651930869 -0.0034337403269 -0.0517931501244 -0.00414883101512 -0.99989746829 -0.0137054773218 -0.0517407786339 0.0139018824185 -0.998563783387 1.73632900105 0.236126868334 -0.022792249084 756.0 1008.0 815.13158322
0.998651930869 -0.0034337403269 -0.0517931501244 -0.00414883101512 -0.99989746829 -0.0137054773218 -0.0517407786339 0.0139018824185 -0.998563783387 1.80277812596 0.235898391291 -0.0262385043762 756.0 1008.0 815.13158322
0.998651930869 -0.0034337403269 -0.0517931501244 -0.00414883101512 -0.99989746829 -0.0137054773218 -0.0517407786339 0.0139018824185 -0.998563783387 1.86922725086 0.235669914249 -0.0296847596685 756.0 1008.0 815.13158322
0.998651930869 -0.0034337403269 -0.0517931501244 -0.00414883101512 -0.99989746829 -0.0137054773218 -0.0517407786339 0.0139018824185 -0.998563783387 1.93567637577 0.235441437206 -0.0331310149607 756.0 1008.0 815.13158322
0.998651930869 -0.0034337403269 -0.0517931501244 -0.00414883101512 -0.99989746829 -0.0137054773218 -0.0517407786339 0.0139018824185 -0.998563783387 2.00212550068 0.235212960163 -0.036577270253 756.0 1008.0 815.13158322
0.998651930869 -0.0034337403269 -0.0517931501244 -0.00414883101512 -0.99989746829 -0.0137054773218 -0.0517407786339 0.0139018824185 -0.998563783387 2.06857462558 0.23498448312 -0.0400235255452 756.0 1008.0 815.13158322
0.998651930869 -0.0034337403269 -0.0517931501244 -0.00414883101512 -0.99989746829 -0.0137054773218 -0.0517407786339 0.0139018824185 -0.998563783387 2.13502375049 0.234756006078 -0.0434697808375 756.0 1008.0 815.13158322
0.998651930869 -0.0034337403269 -0.0517931501244 -0.00414883101512 -0.99989746829 -0.0137054773218 -0.0517407786339 0.0139018824185 -0.998563783387 2.20147287539 0.234527529035 -0.0469160361297 756.0 1008.0 815.13158322
0.998651930869 -0.0034337403269 -0.0517931501244 -0.00414883101512 -0.99989746829 -0.0137054773218 -0.0517407786339 0.0139018824185 -0.998563783387 2.2679220003 0.234299051992 -0.050362291422 756.0 1008.0 815.13158322
0.998651930869 -0.0034337403269 -0.0517931501244 -0.00414883101512 -0.99989746829 -0.0137054773218 -0.0517407786339 0.0139018824185 -0.998563783387 2.3343711252 0.234070574949 -0.0538085467142 756.0 1008.0 815.13158322
0.998651930869 -0.0034337403269 -0.0517931501244 -0.00414883101512 -0.99989746829 -0.0137054773218 -0.0517407786339 0.0139018824185 -0.998563783387 2.40082025011 0.233842097907 -0.0572548020065 756.0 1008.0 815.13158322
0.998651930869 -0.0034337403269 -0.0517931501244 -0.00414883101512 -0.99989746829 -0.0137054773218 -0.0517407786339 0.0139018824185 -0.998563783387 2.46726937501 0.233613620864 -0.0607010572987 756.0 1008.0 815.13158322
0.998651930869 -0.0034337403269 -0.0517931501244 -0.00414883101512 -0.99989746829 -0.0137054773218 -0.0517407786339 0.0139018824185 -0.998563783387 2.53371849992 0.233385143821 -0.064147312591 756.0 1008.0 815.13158322
0.998651930869 -0.0034337403269 -0.0517931501244 -0.00414883101512 -0.99989746829 -0.0137054773218 -0.0517407786339 0.0139018824185 -0.998563783387 2.60016762483 0.233156666779 -0.0675935678832 756.0 1008.0 815.13158322
0.998651930869 -0.0034337403269 -0.0517931501244 -0.00414883101512 -0.99989746829 -0.0137054773218 -0.0517407786339 0.0139018824185 -0.998563783387 2.66661674973 0.232928189736 -0.0710398231755 756.0 1008.0 815.13158322
0.998651930869 -0.0034337403269 -0.0517931501244 -0.00414883101512 -0.99989746829 -0.0137054773218 -0.0517407786339 0.0139018824185 -0.998563783387 2.73306587464 0.232699712693 -0.0744860784677 756.0 1008.0 815.13158322
0.998651930869 -0.0034337403269 -0.0517931501244 -0.00414883101512 -0.99989746829 -0.0137054773218 -0.0517407786339 0.0139018824185 -0.998563783387 2.79951499954 0.23247123565 -0.07793233376 756.0 1008.0 815.13158322
0.998651930869 -0.0034337403269 -0.0517931501244 -0.00414883101512 -0.99989746829 -0.0137054773218 -0.0517407786339 0.0139018824185 -0.998563783387 2.86596412445 0.232242758608 -0.0813785890522 756.0 1008.0 815.13158322
0.998651930869 -0.0034337403269 -0.0517931501244 -0.00414883101512 -0.99989746829 -0.0137054773218 -0.0517407786339 0.0139018824185 -0.998563783387 2.93241324935 0.232014281565 -0.0848248443445 756.0 1008.0 815.13158322
0.998651930869 -0.0034337403269 -0.0517931501244 -0.00414883101512 -0.99989746829 -0.0137054773218 -0.0517407786339 0.0139018824185 -0.998563783387 2.99886237426 0.231785804522 -0.0882710996367 756.0 1008.0 815.13158322
0.998651930869 -0.0034337403269 -0.0517931501244 -0.00414883101512 -0.99989746829 -0.0137054773218 -0.0517407786339 0.0139018824185 -0.998563783387 3.06531149917 0.231557327479 -0.091717354929 756.0 1008.0 815.13158322
0.998651930869 -0.0034337403269 -0.0517931501244 -0.00414883101512 -0.99989746829 -0.0137054773218 -0.0517407786339 0.0139018824185 -0.998563783387 3.13176062407 0.231328850437 -0.0951636102212 756.0 1008.0 815.13158322
0.998651930869 -0.0034337403269 -0.0517931501244 -0.00414883101512 -0.99989746829 -0.0137054773218 -0.0517407786339 0.0139018824185 -0.998563783387 3.19820974898 0.231100373394 -0.0986098655135 756.0 1008.0 815.13158322
0.998651930869 -0.0034337403269 -0.0517931501244 -0.00414883101512 -0.99989746829 -0.0137054773218 -0.0517407786339 0.0139018824185 -0.998563783387 3.26465887388 0.230871896351 -0.102056120806 756.0 1008.0 815.13158322
0.998651930869 -0.0034337403269 -0.0517931501244 -0.00414883101512 -0.99989746829 -0.0137054773218 -0.0517407786339 0.0139018824185 -0.998563783387 3.33110799879 0.230643419309 -0.105502376098 756.0 1008.0 815.13158322
0.998651930869 -0.0034337403269 -0.0517931501244 -0.00414883101512 -0.99989746829 -0.0137054773218 -0.0517407786339 0.0139018824185 -0.998563783387 3.39755712369 0.230414942266 -0.10894863139 756.0 1008.0 815.13158322
0.998651930869 -0.0034337403269 -0.0517931501244 -0.00414883101512 -0.99989746829 -0.0137054773218 -0.0517407786339 0.0139018824185 -0.998563783387 3.4640062486 0.230186465223 -0.112394886683 756.0 1008.0 815.13158322
0.998651930869 -0.0034337403269 -0.0517931501244 -0.00414883101512 -0.99989746829 -0.0137054773218 -0.0517407786339 0.0139018824185 -0.998563783387 3.53045537351 0.22995798818 -0.115841141975 756.0 1008.0 815.13158322
0.998651930869 -0.0034337403269 -0.0517931501244 -0.00414883101512 -0.99989746829 -0.0137054773218 -0.0517407786339 0.0139018824185 -0.998563783387 3.59690449841 0.229729511138 -0.119287397267 756.0 1008.0 815.13158322
0.998651930869 -0.0034337403269 -0.0517931501244 -0.00414883101512 -0.99989746829 -0.0137054773218 -0.0517407786339 0.0139018824185 -0.998563783387 3.66335362332 0.229501034095 -0.122733652559 756.0 1008.0 815.13158322
0.998651930869 -0.0034337403269 -0.0517931501244 -0.00414883101512 -0.99989746829 -0.0137054773218 -0.0517407786339 0.0139018824185 -0.998563783387 3.72980274822 0.229272557052 -0.126179907852 756.0 1008.0 815.13158322
0.998651930869 -0.0034337403269 -0.0517931501244 -0.00414883101512 -0.99989746829 -0.0137054773218 -0.0517407786339 0.0139018824185 -0.998563783387 3.79625187313 0.22904408001 -0.129626163144 756.0 1008.0 815.13158322
0.998651930869 -0.0034337403269 -0.0517931501244 -0.00414883101512 -0.99989746829 -0.0137054773218 -0.0517407786339 0.0139018824185 -0.998563783387 3.86270099803 0.228815602967 -0.133072418436 756.0 1008.0 815.13158322
0.998651930869 -0.0034337403269 -0.0517931501244 -0.00414883101512 -0.99989746829 -0.0137054773218 -0.0517407786339 0.0139018824185 -0.998563783387 3.92915012294 0.228587125924 -0.136518673728 756.0 1008.0 815.13158322
0.998651930869 -0.0034337403269 -0.0517931501244 -0.00414883101512 -0.99989746829 -0.0137054773218 -0.0517407786339 0.0139018824185 -0.998563783387 3.99559924784 0.228358648881 -0.139964929021 756.0 1008.0 815.13158322
0.998651930869 -0.0034337403269 -0.0517931501244 -0.00414883101512 -0.99989746829 -0.0137054773218 -0.0517407786339 0.0139018824185 -0.998563783387 4.06204837275 0.228130171839 -0.143411184313 756.0 1008.0 815.13158322
0.998651930869 -0.0034337403269 -0.0517931501244 -0.00414883101512 -0.99989746829 -0.0137054773218 -0.0517407786339 0.0139018824185 -0.998563783387 4.12849749766 0.227901694796 -0.146857439605 756.0 1008.0 815.13158322
0.998651930869 -0.0034337403269 -0.0517931501244 -0.00414883101512 -0.99989746829 -0.0137054773218 -0.0517407786339 0.0139018824185 -0.998563783387 4.19494662256 0.227673217753 -0.150303694897 756.0 1008.0 815.13158322
0.998651930869 -0.0034337403269 -0.0517931501244 -0.00414883101512 -0.99989746829 -0.0137054773218 -0.0517407786339 0.0139018824185 -0.998563783387 4.26139574747 0.22744474071 -0.15374995019 756.0 1008.0 815.13158322
0.998651930869 -0.0034337403269 -0.0517931501244 -0.00414883101512 -0.99989746829 -0.0137054773218 -0.0517407786339 0.0139018824185 -0.998563783387 4.32784487237 0.227216263668 -0.157196205482 756.0 1008.0 815.13158322
0.998651930869 -0.0034337403269 -0.0517931501244 -0.00414883101512 -0.99989746829 -0.0137054773218 -0.0517407786339 0.0139018824185 -0.998563783387 4.39429399728 0.226987786625 -0.160642460774 756.0 1008.0 815.13158322
0.998651930869 -0.0034337403269 -0.0517931501244 -0.00414883101512 -0.99989746829 -0.0137054773218 -0.0517407786339 0.0139018824185 -0.998563783387 4.46074312218 0.226759309582 -0.164088716066 756.0 1008.0 815.13158322
